17 17 0 1
                1                 
                1                 
                1                 
                1                 
                1                 
                1                 
                1                 
                1                 
1 1 1 1 1 1 1 1 1 1 1 1 1 1 1 1 1 
                1                 
                1                 
                1                 
                1                 
                1                 
                1                 
                1                 
                1                 

